ASIANPAINT,BAJFINANCE,HDFCBANK,HINDUNILVR,ICICIBANK,INFY,LT,NTPC,RELIANCE,TCS
0.04046553811633362,0.14469090697647666,0.18405657796098457,0.08302859353829067,0.06681298293357507,0.10597332626984665,0.2675844793441584,0.07750721691939283,0.005985852370426147,0.02389452557051556
0.006597703420914326,0.1918567078845043,0.24341250652372337,0.003369292145873035,0.0036685637802250735,0.3864777033504258,0.012738857549367094,0.07538370846017095,0.05444707987137468,0.02204787701342147
0.1315864644007602,0.20036856419317164,0.06440099098251674,0.023498381626008147,0.16510172567894962,0.21503484058011554,0.00016289263406909095,0.0021218315697292935,0.02749152433816789,0.17023278399651176
0.1074107457786828,0.06763988717442306,0.14708021082959796,0.007654205929046125,0.05928637480368467,0.149149360788842,0.03663972826289858,0.09236365599230795,0.0030366045870660443,0.32973922585345095
0.11530036768671859,0.03181509451950479,0.37511004559110767,0.0015338497051128328,0.04942436178548118,0.08928147075997077,0.16709234058496272,0.13909533022201634,0.006059455127578691,0.025287684017546486
0.0026762821229317614,0.1485211857224428,0.05315017646219136,0.004022591980364246,0.04779557009308618,0.02762921645822139,0.004843589606880534,0.5544704072850896,0.13346627833803293,0.023424701930759236
0.5868164665754911,0.03626404732502864,0.07059335201214795,0.08997142332138315,0.004959436123181093,0.01337225188086152,0.013169604300528357,2.1883738955070165e-08,0.007956964370702615,0.17689643220693665
0.017633722191035636,0.4372320494162159,0.2504649053651123,0.01975740425724927,3.4916871903885165e-06,0.09011274202487426,0.05576712899471905,0.0016314779002717654,0.03350627313498602,0.09389080502834544
0.025541426604377544,0.1150790899688383,0.0392040398892871,0.0005966912608061852,7.500542655402411e-05,0.303359520157837,0.0009819451157068741,0.012210252980818535,0.4626202234099935,0.04033180518578115
0.4587159274412332,0.038921467649595635,0.0681347699590491,0.04763040019447023,0.013780555450307128,0.0007046059986187599,0.2718865419980645,0.04005904054417431,0.048824275556588824,0.011342415207898216
0.027248381379914297,0.08457832746245876,0.03499379599341561,0.29135996528126723,0.0001687844423199763,0.00711943853502143,0.10594137610617975,0.38369064859806,0.048562239749253264,0.01633704245210982
0.06687207646740596,0.014506916643323741,0.013179635969971515,0.026043855437885604,0.2671183940099489,0.08213331466270861,0.05894323589414247,0.016315446660453287,0.42075542977268116,0.03413169448147882
0.0006327202384976376,0.11173177944125896,0.06690588126978977,0.5451871124157193,0.12081823549357054,0.028583077676024814,0.015951575886336073,0.014734349580901304,0.0016154745985399173,0.09383979339936167
0.030691175408825558,0.19903328684769378,0.07456757983412896,0.012013613402216516,0.05436733816324036,0.049581657046545276,0.1868793488664345,0.14139891174682137,0.20329601974993547,0.04817106893415823
0.08981987141115923,0.07019729761291162,0.028620006633472708,0.09559102131122443,0.3395625796151272,0.0426454117908637,0.08426459667733448,0.00011317847635602747,0.2424856450254171,0.006700391446133454
0.0921212339595132,0.15554544353346178,0.2520745421805725,0.14834666845727862,0.01294258160645248,0.010644957108146088,0.03857197895294833,0.00012623340019462812,0.22332695692845156,0.06629940387298086
0.0011376740721716556,0.11858047793947799,0.01590182424345492,0.5310673872817657,0.026964468376016175,0.04422201950621923,0.0060764790159684124,0.13128641704198635,0.11838298383582514,0.00638026868711464
0.0031241795957383882,0.0010346370076952077,0.023707296116734757,0.00841664030054435,0.007458080849422892,0.03129079906330948,0.31822996540924314,0.13208584963467143,0.45771194887909766,0.016940603143542624
0.0005971783070499375,5.7090082728303e-05,0.6336880978247795,0.055749518957346464,0.12710523696276962,0.0540078646088846,0.039173045046384566,0.0017775028037787881,0.06377545904572163,0.024069006360556613
0.514724389320532,0.0037138434126365153,0.16791756670845864,0.09618987329612998,0.1605844925659724,0.013941969518002532,0.00023543209867831912,0.013996433558405427,0.028307928584512133,0.00038807093667213093
0.0010855775693940778,0.012294518910230898,0.06874703904975128,0.6662272720060028,0.009743563982837638,0.07113842721990014,0.11274683028632565,0.023961210199323957,0.02786667624172436,0.006188884534509156
0.0031720606125726757,0.0073455128552578075,0.4992652099988261,0.011098680532341518,0.20848341285239477,0.1596028988854805,0.011862838341470457,0.034791650997938836,0.0075382389677159795,0.05683949595600134
0.037298120355539484,0.0008411498558949776,0.20964515445012413,0.037969266144504694,0.16094552489598105,0.2602835318926487,0.02669500943021187,0.06282712012522428,0.17725621701830058,0.026238905831570174
0.04872774246654843,0.09310382797885239,0.1445828466828885,0.055063961100275206,0.3552415776581291,0.2091374673635185,0.0690551221145983,0.015811252531679608,0.0005846442763319438,0.00869155782717811
0.08802149401563214,0.008417504070668002,0.09022966304640824,0.2950795076826135,0.045885077048274235,0.0892562865268758,0.16551160937690454,0.10745723803753728,0.011882794859279674,0.09825882533580663
0.01885192170838298,0.7479680501791794,0.07845582387241322,0.005842508825783645,0.0025976617660240712,0.020649820377100895,0.0034502563820438684,4.588593331700041e-05,0.07970255105222847,0.04243551990352628
0.025874060764268184,0.1267632582062987,2.4021237157488295e-05,0.03671296949776147,0.2515471046785394,0.12662775423614783,0.0660730741515693,0.09021801610186479,0.24131659230649027,0.03484314881990264
0.006127004840255589,0.025899749543710396,0.0019229773372420502,0.15666216202643277,0.01586418680012828,0.009903105857319893,0.0594045061185987,0.31659363685081354,0.3889507518937781,0.018671918731720707
0.04922622828213327,0.0135635865530123,0.261785592182959,0.0622363712548397,0.050513863939558534,0.3741120238566599,0.05676355198744435,0.04455875005529914,0.0013220677519182901,0.0859179641361753
0.003461952827784882,0.27399883717638956,0.0731617952856179,0.16183899693296558,0.04855248272043923,0.05882641408596695,0.010874026186548005,0.01691423192760971,0.03722401894744149,0.3151472439092366
0.2063479348279453,0.038538736175319374,0.13263618072518857,0.0027648224299399223,0.0028838944408615657,0.004725369404350357,0.05999076295199456,0.2819344915808674,0.05480896461411244,0.2153688428494205
0.008117759513013476,0.03209617316223598,0.08972324475771266,0.7573087364969633,0.0515898579214106,0.024946600662793042,0.00034656691688733204,0.023950806033327773,0.011918044330476458,2.2102051793464986e-06
0.14562043913334954,0.34982329385503447,0.01654665098105789,0.036101602379179386,0.062125105038145084,0.051267360684497804,0.20982112169475448,0.00159557243960965,0.11035610080508773,0.016742752989283977
0.08029203247479838,0.32803081931663597,0.0004146526679544585,0.034813904044355554,0.04756516228334495,4.2172512586887666e-07,0.009903706804987299,0.2624524429167639,0.17460500206670407,0.06192185569932957
0.018292247258952257,0.048627718955303524,0.09040182359312128,0.206010698697475,0.058605114847964775,0.19072756179675068,0.027350890943328918,0.3028155262189308,0.013941939520703621,0.04322647816746911
0.07057171088745787,0.4240448354262057,0.0017695922780736613,0.14523635627617312,0.01785040944314424,0.04609949812851467,0.18467466554689047,0.07975628105236052,0.017716167151950166,0.012280483809229567
0.16663767813308877,0.03981658401213098,0.08472221016031306,0.058022481772562355,0.019620308697469332,0.03207368221533801,0.014545062399867999,0.007992117693942334,0.12599350267105575,0.4505763722442314
0.0208926935302294,0.3613574604833932,0.0002227353412850426,0.000269749046508884,0.0003320857925843647,0.37452356452457936,0.14300366367418957,0.002315260125520806,0.003882129116268943,0.09320065836544053
0.019007738789510207,0.012292260626941401,0.17848087932096068,0.015403952036720278,0.14559344190569323,0.29653412732528406,0.07967408979975463,0.10195562487987768,0.1489089924623043,0.002148892852953642
5.488068093563643e-05,0.4469646433852258,0.3631944871293096,0.03177751013446625,0.025499416290339517,0.013500065848071124,0.07204950171291241,0.01208077779449706,0.018069238232095337,0.01680947879214727
0.1528952523682946,0.15406430356132303,0.11946474610956559,0.00021071130292229706,0.1337063697449743,0.1385802845636754,0.017647072115013433,0.04856282163209925,0.21982190559595743,0.015046533006174652
0.015903533704054437,0.03593630298661796,0.005768738238270667,0.3018953496958824,0.1288576120594525,0.11620588128035789,6.00242880697249e-05,0.21274754567702886,0.1350094869173008,0.04761552515296483
0.10979818148940283,0.02208220445689621,0.040340266024538024,0.34713753246110474,0.03088652780644489,0.0031449109750530204,0.030396632788387917,0.28918343376684086,0.10338546443076718,0.02364484580056431
0.10066642495218003,0.23920447964156655,0.29818282739132645,0.0050645636229981255,0.07836027090347462,0.031395123761785514,0.0006589463467797473,0.18372612428949261,0.042634920058338806,0.020106319032057635
0.061678569045141594,0.01707923895986336,0.00972206197183129,0.03233479197771818,0.6691347658510854,0.11945275030188826,0.0194382830667581,0.04833087933609688,0.0008820039134739832,0.02194665557614305
0.08356394796005397,0.03118301928005501,0.10247090376253734,0.0006639170821485865,0.06578603911577784,0.27619139788889907,0.06588772565800019,0.017155279667573735,0.0048573236622874195,0.35224044592266684
0.03643076354667939,0.0025474403674440984,0.23865000450001225,0.12369433068378427,0.0025749278481121116,0.05575150347295049,0.10200662910849678,0.021384705668795873,0.24574969633995397,0.17120999846377072
0.003342415429821327,0.22343211384856973,0.17687915032446133,0.266865586085393,0.026844635047057853,0.07887127325689407,0.000275171645547325,0.012506147193947225,0.054266854373908234,0.1567166527943999
0.028525858487113823,0.07493427788678912,0.17004992625298782,0.26794929208099727,0.06171034350394148,0.009979878608295535,0.0008903231111134964,0.3652172967930553,0.0171099557029171,0.0036328475727891254
0.0021329907773477443,0.32708898998564234,0.07821652756328455,0.08444928025122933,0.05197676786581078,0.0011547765888672086,0.12170032630243006,0.1139759095130881,0.103420694815068,0.1158837363372319
0.176386762351841,0.02850869836544406,0.0710346914431136,0.0037969340179320877,0.021018244198795902,0.4472299896080719,0.0017961409773983891,0.16517711362132906,0.08011595509569433,0.004935470320379733
0.041899560078744326,0.10816291591635593,0.011105793993179985,0.18543663961089635,0.04973726818305897,0.1844380866221463,0.08920142606649534,0.08178392103233664,0.17642661596794823,0.07180777252883808
0.4833854550789072,0.017894617924864728,0.034564058626618925,0.00911047198575611,0.03756779897233233,0.004843813599828566,0.016754333700944802,0.26603711567435445,0.10513544704437111,0.024706887392021766
0.006471191894010044,0.01734786280750722,0.04589013150402576,0.011483992698056616,0.6576491207703933,0.09742983859322767,0.0004887412523524768,0.10827325663514109,0.0035116038128721323,0.05145426003241392
0.05796773797249408,0.11449798958655905,0.011362633470324186,0.22260797834716206,0.2967297545199749,0.151503134634282,0.08360467975457776,0.048789213880388836,0.0011733697650593683,0.011763508069177881
0.002038144516273225,0.25219962287776676,0.0011554966560061073,0.009998083654489027,0.048792873864898126,0.1517101990839443,0.008688461779898557,0.1980389921267338,0.03645594525590811,0.29092218018408195
0.034708970854948104,0.1381514111082865,0.05896765191755148,0.09465577942542965,3.2736740717917076e-05,0.4527425907391257,0.07675783660835044,0.005299965904683487,0.0064826836510717524,0.13220037304983506
0.035964480535646375,0.11841819123068363,0.022011433155619282,0.07139119538086514,0.16480652126579398,0.1550277775396197,0.0027515084390640136,0.09045298310562006,0.01450580732453654,0.3246701020225515
0.05542553854603569,0.16163801130425315,0.039070703781463496,0.2778500184791112,0.009533152550463454,0.04293883261783491,0.2547934357175963,0.014975842430613156,0.03243925880693973,0.11133520576568895
0.5756469667605996,0.013072537067674762,0.027122370268431964,0.00024935828942183457,0.004019268626505989,0.18114534192460585,0.023228746385391106,0.08935204840926811,0.0016138455522181324,0.08454951671588284
0.0323273392356105,0.3175398844556973,0.000638055221926919,0.0001374512169284947,9.039683923189602e-07,0.08994945237451223,0.11343779622029222,0.09074860981618048,0.06971133666462542,0.2855091708258342
0.08211071990218569,0.06137184103769799,0.2548981110235117,0.005985022341309043,0.0042735207099017765,0.05756790807494862,0.38791333677915807,0.005888507432184153,0.13533666717711917,0.004654365521983983
0.028273685634793193,0.01059012035498454,0.22390284538042332,0.054908219726249964,0.1985459374795271,0.042055088640746266,0.00033402226596402945,0.016111339756297586,0.27704643073299146,0.14823231002802265
0.04304598633804341,0.0555661739631946,0.016769986219055004,0.001183643028682919,0.0003851873311706079,0.45862363855634886,0.03190302855067568,0.0015024458872656776,0.15968993330223125,0.231329976823332
0.142353582681627,0.06600950020511615,0.1349947468753223,0.06260249188505518,0.015760911334667498,0.35341779923705324,0.03911190598019806,0.055642913814151033,0.001435516245378306,0.12867063174143126
0.140666533807072,0.34359192868668165,0.0411285421035946,0.01394968796094813,0.30758113917359836,0.0041163234150851736,0.008183855733837377,0.1250790825747052,0.005698542759380133,0.010004363785097371
0.1653120514631629,0.11872469773031365,0.008159170770994305,0.007567296352156889,0.0011658425827802247,0.6848525625224281,0.01041093496382885,0.001701911418254404,0.00012112803006075203,0.001984404166020085
0.3048612181765025,0.2506528173370116,0.0015530576020980301,0.05300721784612379,0.08154555197402812,0.19470821810291955,0.056101597483975724,0.0032098977102652487,0.04904488980420626,0.005315533962869087
0.019506958279051585,0.014092701219363488,0.03914524156441716,0.1386970426437549,0.2246337673119778,0.14175114599720143,0.22011712939656347,0.034533623211934227,0.10930962591354736,0.058212764462188565
0.07922876395785107,0.053975667229942376,0.031424560187031866,0.13748277277141469,0.33631236248276103,0.10055375126153575,0.17458631414194087,0.0179637522435344,0.06595686650147221,0.00251518922251566
0.005784304087828323,0.19368875247740142,0.0009195971439585484,0.009255556304772114,0.12200869969595539,0.07210146420767555,0.39422408724512237,0.0003112573547110027,0.06718988409591933,0.13451639738665605
0.11014402324127741,0.1603667823233788,0.21559103176880182,0.062475283427163374,0.04661021908130055,0.030024252829960255,0.004541002879431143,0.21853408993392603,0.004212167925977328,0.1475011465887834
0.18998857706224476,0.001103680984176383,0.06135019473595326,0.012779819705951294,0.15763350500063975,0.2016835098620984,0.2300096535543806,1.9847266480124074e-07,0.11177901000020005,0.033671850621690556
0.02329306726176274,0.004697467366658354,0.2055323025416916,0.004968059025198715,0.05273269811480133,0.004268870198877478,0.2958021383783819,0.35854385853347237,0.019410648592901023,0.030750889986254585
0.4121646031466166,0.00609069659421254,0.0039272066010810625,0.3055541613219515,0.006090591138461413,0.02270712616283898,0.08545634434553148,0.04567837297595395,0.03989540434801934,0.07243549336533323
0.11926740116431357,0.006210744790637685,0.04655328950204343,0.01259508604025692,0.30556504248759897,0.11654952504203354,0.17145504509628093,0.03254111551303408,0.025698341447383213,0.16356440891641766
0.303378667178325,0.03677238440080559,0.018149177349375697,0.2630424090412979,0.08717466830878512,0.04335170132165448,0.08532294221933853,0.03300727502693537,0.10950502062927499,0.02029575452420719
0.1760004204686539,0.06544529713049321,0.3115904812032504,0.0683546191072826,0.072408522681778,0.02079394128941963,0.03585061017091672,0.01870336402839478,0.22725151917824965,0.0036012247415612053
0.014110225799113602,0.17957434085137694,0.2922904399418406,0.016856813821787168,0.00012918331607861933,0.0004946344938313398,0.00525338185624548,0.41031896346268143,0.051976816580106534,0.02899519987693834
0.145540074896159,0.0009693520730069562,0.027187827862168345,0.06303364435678033,0.3305755845318577,0.0006037117075019382,0.0630200858901115,0.11643641983925146,0.24722480640818228,0.005408492434980467
0.0004007096669321,0.013384225546680723,0.0013016162521152608,0.017742373543409507,0.2071170990032806,0.14872749435578636,0.09367089464516618,0.5144950942321992,0.0024657065558142174,0.000694786198615917
0.018539985521751914,0.017563015586434205,0.06756607739157451,0.013947779749543749,0.425869076737827,0.005741527209681169,0.10612746719649793,0.22326288951708484,0.09550977412949493,0.025872406960109836
0.11207865740749653,0.03417849403493544,0.3918528494247876,0.010251257765340095,0.027163025605702967,0.11570152721584984,0.04526664657876191,0.061951059203420665,0.1850446994321127,0.016511783331592093
0.039123063153877334,0.09313774381337137,0.17763646206354522,0.20811296476489574,0.03910925129875896,0.1135389437003048,0.017230298898489052,3.0992439362241178e-06,0.31145689218370876,0.0006512808791126845
0.0073900528476687965,0.23400208673105444,0.0002926069148252519,0.1799121265606064,0.09836301711699597,0.04705681884497198,0.08030806279568425,0.03994626340156477,0.08545427267309813,0.22727469211353005
0.2615221261993547,0.12822612242541465,0.11098527522168003,0.1881047339974647,0.1268336008952155,0.06580644203387132,0.09039898251780952,0.0017662263404947818,2.1209420006711115e-05,0.02633528094868807
0.008113369866898137,0.010320018033406913,0.004544751091921717,0.0800802933728197,0.005420205231763131,0.022223019845177674,0.013579184880921026,0.15826977403404147,0.1696883355845938,0.5277610480584564
0.0016007256683672583,0.0045976928206317045,0.23932473014920003,0.0003032365517321833,0.05906989834746931,0.008776355261838053,0.4573848035868248,0.20406393045300597,0.0034697522083348828,0.021408874952595792
0.01965402907035533,0.05393991701762747,0.0020004390445369728,0.015475980029254974,0.03848412028074423,0.3635936687721372,0.059292221957119993,0.022678306172130697,0.013954862790802235,0.41092645486529095
0.01791889748749582,0.041787823549261124,0.008679941633983597,0.04494425613594748,0.007968871096359166,0.026304156183821162,0.025605512522482176,0.14982142959897524,0.5084913520118427,0.16847775977983157
0.007228361389991227,0.13183572860525622,0.09626079600349913,0.0016432768725103623,0.0701404949990162,0.0656278744421259,0.11810756851274382,0.4123299851659687,0.07695628129443119,0.019869632714457387
1.7274945930602474e-05,0.02556085279808179,0.00026315617734785506,0.0786122987857724,0.6056024820041572,0.19932301348302833,0.01867276723591794,0.011490998552899296,4.121132729377562e-06,0.060453034884135066
0.005780235460954882,0.0687171804497883,0.19834921520106455,0.00163618722835147,0.0917310977637029,0.2668640764590221,0.20623032751367637,0.008387667211105839,0.15083677470825735,0.0014672380040761854
0.0004111844286540682,0.5517016320700994,0.008533288012998226,0.18061323625364673,0.1779018372104968,0.008371731290941176,0.04322726687293107,0.011000455334883863,0.018219637029622468,1.973149572627402e-05
0.0822983429072168,0.008624309498243561,0.0028601204612787594,0.0004024170219276065,0.04351007805768026,0.21021727264327567,0.08346386683109695,0.04563784057817169,0.32801290979804826,0.1949728422030605
0.10671685237072971,0.005945518530249435,0.07270393688929619,0.0003390476399835028,0.045263667160459854,0.03990495723619153,0.3549799268212335,0.3430577133630449,0.013947234619093607,0.017141145369717642
0.00044812889696353237,0.0011578539121660097,0.3849994219190771,0.008818557744884535,0.1252044164009564,0.03508321420476899,0.07786478984678326,0.0031015929661781473,0.18243951197785532,0.18088251213036655
0.05434568438986268,0.15604726538685604,0.30660534855258126,0.004480940879350988,0.2776271480553663,0.02786447706499994,0.0863742859652143,0.01032195726203722,0.04792877116210147,0.02840412128162974
0.03551992835998673,0.009073102025230722,0.015697289835779418,0.2209519351693992,0.19677315996574726,0.27671559690058556,0.1371692871105372,0.010799367221254987,0.08281595757235286,0.014484375839126085
0.0919253749944949,0.02399800166983193,0.05004069496306614,0.0596352580703638,0.13845252577817524,0.038038904654337555,0.2549753181246413,0.016740773718924715,0.28134695869795867,0.044846189328205645
0.029050370651257807,0.02904080852363976,0.16887470980599745,0.009881634463638484,0.0002066124838855227,0.033566752123775384,0.12769952004754193,0.0418909416321964,0.3461736626835196,0.2136149875845476
0.1256213820531548,0.2569262676948523,0.1541687837760366,0.041645733146067246,0.07836550244447187,0.004662513275345794,0.2563022686202572,0.026690543912742306,0.01722252059250631,0.03839448448456558
0.003760459684188291,0.31336546205159815,0.06659835924103576,0.3778780173174477,0.00803570050217311,0.005826927755742438,0.014099874402968202,0.011299221491659723,0.1953788075883961,0.0037571699647903777
0.01106694070914813,0.006580180376959544,0.23936657319053506,0.32950480789484515,0.0007125168921423895,0.15228627844232284,0.0026597977261101965,0.00868756290094588,0.11303553408271279,0.13609980778427802
0.00022684730139485075,0.14843739442072074,0.043857074146110696,0.023438627055874843,0.19479523933994128,0.028918051159648867,0.47946291616952424,0.01145299737787033,0.06932476491407563,8.608811483862794e-05
0.036390968106980046,3.41521751974219e-05,0.07558037033042182,0.01948100734636186,0.34596393778522666,0.04486944418058556,0.11368111270331874,0.18680763435024023,0.04699321027439441,0.13019816274727336
0.018109485764694563,0.003455511638041083,0.04080922734122727,0.10729028066903898,0.2687111223691066,0.475261632387947,0.07113288452736719,0.006745914373226682,0.003564985562798187,0.004918955366552568
0.04836979117067881,6.613380436177066e-05,0.007776376237074044,0.05128436940945698,0.1336463868514468,0.17111727785084413,0.3701417259319854,0.01128102498379931,0.019004114773014075,0.1873127989873386
0.00022789427733678176,0.012062259651615755,0.21335124487243828,0.06624625841409365,0.012066580741191185,0.17613173272262583,0.5062511005387076,0.010221672203779845,0.0009285221833599749,0.0025127343948510832
0.12274711962746343,0.12352665986961905,0.01766196044439546,0.08440212549086842,0.195700427632766,0.1388919081493307,0.061363598726426244,0.13457312864334212,0.022763901590672934,0.09836916982511568
0.05561315270254624,0.4999119679414399,0.008306983143802285,0.023148322254909807,0.006000343439911715,0.1628758014297642,0.0626801306081479,0.14872299882309492,0.012361248044670535,0.02037905161171258
0.237400762912044,0.3449039122894241,0.00019960590026586752,0.16621071310710517,0.07277606589030061,0.019320785292778073,0.010184725060328985,0.0014187076158522197,0.03206439406307716,0.11552032786882374
0.007772223080418145,0.06863412897790178,0.1482672523739817,0.1048351257628462,0.04780482766570723,0.010108189357328837,0.002795303369346732,0.00693788091165518,0.5735263166637831,0.029318751837031094
0.011270217019616403,0.34648866660181277,0.06590770823823411,0.02900962853474576,0.2296670878926073,0.09466937437990303,0.00019885206588940744,0.12323552308848035,0.027100880464230533,0.07245206171448042
0.011107450085461976,0.016495676205885403,0.17346956447623324,0.4462608230678069,0.006359339969448859,0.0017480465032309533,0.06127564701192057,0.004309989674348685,0.0025331925755184594,0.27644027043014485
0.13461037938726478,0.005622319639404056,0.17051933513635903,0.24328865532242266,5.262330563823835e-06,0.2474907530873179,0.13236067604570906,0.00854245958002525,8.779775292199058e-05,0.05747236171801137
0.006590359772622676,0.020260581749996988,0.14516903480871488,0.003496635008627516,0.27056519778973204,0.23429945795973006,0.13010226865247926,0.0902585639905527,0.07881325389650179,0.02044464637104197
0.030787333954073872,0.20299977354240642,0.05943649020422746,0.25593036400095176,0.006723757507120266,0.1558069812085688,0.019931423190861924,0.14831364202879585,0.045498037889888585,0.074572196473105
0.17459544417433723,0.07525302213417194,0.0013831812564947213,0.06834787897906416,0.005958424678275339,0.04056183477048383,0.011262583586145455,0.019804070091142326,0.07905703645619393,0.523776523873691
0.04204582447931407,0.13727357500919873,0.08633013970926419,0.0013044623032866835,0.13433164595041175,3.6371989711970616e-05,0.009687162465457744,0.031947151346381986,0.15213329000786138,0.4049103767391114
0.10004690608576657,0.12220726982357012,0.2805412745781056,0.322498275689401,0.06761526131470483,0.02659576059780383,0.00027665335733705,0.016987517446599078,0.05438218544071942,0.00884889566599252
0.10094414868558599,0.0003223545816579885,0.13149372724787037,0.2955805412773102,4.589742819627947e-05,0.014118792569767254,0.12919261856776515,0.14722767554324537,0.0018281311512602398,0.17924611294734116
0.3775005540136005,0.011860656604447429,0.006776593410235907,0.1863007754673665,0.0629529160816095,0.0007043064192152077,0.07462686212600624,0.1989618313175249,0.00020799515347736178,0.08010750940651654
0.1392319685624394,0.04503101101420718,0.057223571225896094,0.0021890997924629775,0.09120063293285294,0.002350731004056726,0.041993624329611325,0.0016924819566398964,0.5607585760787593,0.0583283031030742
0.007543072833118183,0.020564114553553774,0.32328518638274084,0.22161366533263663,0.10667743948994479,0.08591355023584472,0.15605768795052816,0.04473838509019085,0.0031018960292440185,0.030505002102198087
0.012658657726212712,0.21766880710945985,0.040954763965604574,0.4737848783565874,0.020329279199885034,0.00023361866460708548,0.004734933009437138,0.14028260193209016,0.03500729965881958,0.054345160377296545
0.010223518515727352,0.08981870995102172,0.09177596078362428,0.06727253940760694,0.004141803756362404,0.055885036869505425,0.4596443104591418,0.12751017606051704,0.07976845676304459,0.013959487433448497
0.1696371586222683,0.028654286818990765,0.000246205582096772,0.07299017921828954,0.08698328606696493,0.03325742904535172,0.000421179636029959,0.05183146475536741,0.10113572549531649,0.4548430847593241
0.13656942155479349,0.0053371759156016696,0.14212037932564905,0.3605607023382243,0.050679255364885774,0.05377372983648662,0.13629069897508886,0.014192653132035283,0.026596222163015465,0.07387976139421944
0.207184451724916,0.001761889886525798,0.007421418962708277,0.450183992824076,0.002549086372715827,0.022072893072668867,0.22497072184031972,0.006769632113430724,0.0694495554218661,0.007636357780772748
0.22062841935860908,0.026467455262188636,0.0015121733463739169,0.14178945303893678,0.061284267785312256,0.29280702437932027,0.006337037377877697,0.09057773918194725,0.024312107026316917,0.13428432324311718
0.07193326678888992,0.00036182092357114085,0.008779451768885893,0.002344741416714725,0.19031637488947634,0.18751116680066546,0.004335928015846116,0.3734452962535237,0.06776999309527536,0.09320196004715157
0.12360754924429604,0.2534202172103667,0.10884528525578997,0.045687325505905964,0.20536432455280504,0.002552751973881589,0.028595054763355006,0.07018585864158149,0.022393809999379462,0.13934782285263878
0.016633071223461894,0.0024439806050151995,0.06253096612595695,0.07950711291748398,0.058327822422972186,0.28642598132298497,0.0736433660590151,0.4075570478598173,0.0004682051377362674,0.01246244632555604
0.04227789620920983,0.0005214156305941892,0.007060442066879261,0.16744126621830469,0.1965485438107617,0.11517453180132495,0.06212914874659727,0.39604940544014106,0.010494020788283378,0.002303329287903555
0.027708692320488396,0.0598830972104565,0.028043633976841155,0.0379251492059178,0.06951288824905319,0.259238293933598,0.19059660924713817,0.013007806509935493,0.2467025753024178,0.06738125404415353
0.15550859933826544,0.007784100219671681,0.14700663886303106,0.0004464372966766539,0.005494211912964157,0.5450882657147215,0.01961402641434235,0.0740940551849395,0.010339171224509587,0.034624493830878206
0.2232630369895601,0.02632318924611433,0.007463547427188946,0.07683807269311434,0.058494462733185204,0.4839148113595851,0.009081570876563312,0.004005614298598161,0.06488036705352018,0.04573532732257037
0.2852412395792935,0.013851506299184174,0.00027031632646035196,0.06889611414227946,0.4104965495336926,0.026182639720325494,0.008117550272472938,0.1658176520903909,0.012952622816594369,0.008173809219306213
0.022996552972654384,0.7686742456402575,0.06444345342330746,0.03847761735404877,0.004490870036406504,0.04802497275783212,0.007063920118327701,0.04318539131623374,0.00024959308843248247,0.0023933832924993292
0.03858183922133932,0.007960152180750591,0.5925222018020645,0.008988358719357646,0.007359394585261527,0.10007159410380324,0.004289264114060407,0.018730840104695966,0.1812176122733132,0.04027874289535355
0.012759044620176322,0.2893343699978138,0.06500060413449868,0.10523925171811814,0.004309806000098708,0.001456788051431747,0.3468246702400058,0.05949988039539311,0.04116304761757292,0.07441253722489079
0.1348638161293251,0.2844662095201649,0.009042669642325321,0.007695762285471551,0.07681824179934907,0.0951973376315301,1.8241843501785418e-05,0.21838991992690732,0.06920944890583472,0.10429835231559022
0.09628671257886319,0.08187856913842835,0.014511531773322308,0.009475705792038337,0.00372798672824729,0.14389424551895966,0.03341079820123931,0.4060884119182279,0.1296470205343219,0.0810790178163518
0.23846753648235655,0.4604496225003,0.04350980376647173,0.014406759616297667,0.044516320291227596,0.020404452213623053,0.08130865558098692,0.049844320181346935,0.0022195424204679358,0.044872986946921566
0.000361853487095411,0.1688488988735084,0.005809441721111911,0.0017322068522981774,0.25818087588827476,0.05459127827467758,0.014289717576134125,0.031193012973793604,0.11593487328360853,0.3490578410694975
0.06459999428567374,0.10344633815501915,0.0895664343766752,8.84892114083434e-05,0.07686908653387428,1.3516846118105761e-05,0.2557873719831444,0.2555419867696537,0.11828437845194789,0.0358024033864851
0.0894396917910499,0.018501800075437183,0.07028305327357322,0.15183877555292807,0.13646311723776267,0.006053941740001671,0.26682495550384944,0.04511407904688267,0.010120737616630675,0.20535984816188463
0.3688445393411009,0.21083843846947428,0.12240621349692034,0.004533361721695851,0.014480756949099777,0.033194967945365715,0.10627066926810425,0.0025657160760576086,0.12264990285923347,0.014215433872947793
0.04758659416737056,0.0381701761068196,0.030551240123068254,0.5511199575013026,0.06821242386526137,0.0004564631188320577,0.2040376383929897,0.04687767877986802,0.009147722758903572,0.003840105185584411
0.1314827214540525,0.0323383272975946,0.13414867383982618,0.02287233496681678,1.8298777949198254e-06,0.0006266878188552295,0.22552725770431917,0.027731172506306898,0.3744147858078887,0.05085620872654501
0.002778355752277747,0.07030990248614949,0.0020984978764699855,0.32300687142101075,0.004968800707364873,0.06880361343748845,0.02055271997828035,0.0964202010702093,0.40371925197189806,0.007341785298850935
0.20297867675292225,0.054650667715360805,0.04511015680959225,0.005755016041459692,0.011094403174497353,0.1983507291363675,0.19838319918872452,0.010085525651984562,0.1478015826381335,0.12579004289095758
0.15050173762175056,0.0032979398546507835,0.01280205204192684,0.38270891198460255,0.2678754822133416,0.026186361052232095,0.029697291120335034,0.1085006919407617,0.013180246453096582,0.005249285717302243
0.03433169390612771,0.0012568160237889858,0.0744181744416142,0.055780217678735776,0.1082169510967579,0.002451187760795425,0.306868867482648,0.002523225957643291,1.72737787878276e-05,0.4141355918731009
0.05198169191365791,0.32737675305736896,0.04023502837677387,0.43096786769017625,0.007995062732029325,0.0073935325373131475,0.08403646451367693,0.015160578823644062,0.02073103715766081,0.014121983197698853
0.13321398500732312,0.0952917206349005,0.005968260752926753,0.005782588842188066,0.1437415101055614,5.985166834821011e-07,0.3390319638920672,0.15209074458834124,0.072265224651344,0.052613403008664336
0.004402947470193559,0.2407348889935627,0.12841010902553532,0.32998122225193893,0.1220733869242607,0.025524798071127487,0.07173812665113663,6.48118034087367e-09,0.05216800913971006,0.024966504991354218
0.0492573576964553,2.7290709656489683e-07,0.37248586949976314,0.022694298700089592,0.08051262168193304,0.05395620001100369,0.16929469096118557,0.01682393759232455,0.2205461020874425,0.014428648862706128
0.010454429946490127,0.16090425197849964,0.013469105754657169,0.20804566178072792,0.0006613133290491579,0.09526559132499564,0.1863180301215432,0.03854544942047184,0.021252049234816064,0.2650841171087493
0.009793559207338732,0.01961398312518031,0.062274010283103115,0.03732006474519976,0.15765372428091423,0.037148701683937094,0.041511712817111836,0.4212830831310291,0.011254310769222288,0.20214684995696375
3.7173933236507574e-05,0.014841447397362581,0.26389430088021654,0.019800212038660264,0.491463436905563,0.0003608139767949116,0.04737708125512244,0.017851963528549175,0.012251378000022115,0.13212219208447248
0.031319190290418714,0.007788217911621651,0.05913409157660162,0.01296636476106906,0.4802991643267916,9.142001122710533e-05,0.0031143502609608928,0.004249144324839654,0.15640996445035515,0.24462809208611463
0.0048165446288180236,0.07680944225433647,0.09384279224717608,0.24393722767713014,0.0993390866123537,0.00093729202818375,7.019462766261218e-05,0.007129640744294999,0.19635627021703947,0.27676150896300483
0.04840954674536313,0.31067094619869906,0.0006202286723501779,0.0772858819382954,0.1642660272208894,0.08421554920128137,0.00839086933559958,0.004986660526724306,0.14209084936090122,0.15906344079989648
0.006532303975355347,0.24949312240161547,0.1462904120480607,0.06354041446391849,0.0003232277750886423,0.03168877857169354,0.10604449125068473,0.2402028175857125,0.006857446736602774,0.14902698519126784
0.04618379485304225,0.008617431413075494,0.009925063442689237,0.18811240971080484,0.0038202084194566897,0.01372396382939333,0.13530794333141644,0.00508855967770606,0.5843916612717935,0.004828964050622147
0.19699095179140996,0.08318172319888358,0.003395769247461953,0.0762324250455084,0.2937142527587193,0.2501033806255105,0.058982087227223784,0.011489189987404863,0.005459824884691099,0.020450395233186393
0.031929428899127525,0.09718351735885875,0.005024602829063911,0.024111231634128257,0.029250420304439265,8.097673668477233e-05,0.26032536720556865,0.17379341014808225,0.20876507485580198,0.1695359700282446
0.030478923915716504,0.04224158082960461,0.029412940141600202,0.4520489994013824,0.009873567784324482,0.037684731254696575,0.0001981010479038884,0.02008046597747372,0.3758656277595696,0.002115061887728122
0.013971849362283767,3.764325813298762e-05,0.43446761252955834,0.12981133775592762,0.032662051216693744,0.01672130180191054,0.002002591045453029,0.14645580380918732,0.015285263120665766,0.2085845461001869
3.7660655093233323e-05,0.39038160908933145,0.0007369963239949995,0.13488512754196405,0.033986234436835815,0.0838846432121898,0.10974671422712999,0.08594779022204775,0.00882464185485613,0.15156858243655683
0.04481759005231722,0.07784711805174775,0.03349249525954056,0.5653058533075233,0.08043736927339488,0.00042149204212828684,0.005254781425521391,0.008351571776534807,0.16756339563803815,0.016508333173253707
0.010177462656560875,0.34390561523770374,1.939887278076009e-05,0.02007785369699412,0.008566168824294462,0.34403591979223563,0.03932302040064564,0.06136695233888037,0.04130800581575315,0.13121960236415123
0.08471927598032164,0.0051639593545105165,0.009973456618051662,0.23260642150910701,0.004359020874447551,0.03184353224373115,0.3635285765096922,0.19798325116051207,0.012405229855529195,0.05741727589409705
0.4330677853578465,0.002146440378711526,0.0006972211982438524,0.1385818620327723,0.015021143107357405,0.009972604961875424,0.004869288566943934,0.18904011884173816,0.12999454024233323,0.07660899531217759
0.1611884672847423,0.045698373963775435,0.02902521941844869,0.012083960601445511,0.12019591136909533,0.045174836289429254,0.31354589879672146,0.09814847312980976,0.05975843609233657,0.11518042305419579
0.133893821267221,0.07892202148762527,0.009966384263900535,0.038119467567079734,0.02590274788288186,0.011012110058812223,0.16858732760274595,0.14229041587076166,0.27758161143766846,0.11372409256130338
0.29395535671258377,0.0065945727135827276,0.08031693996404897,0.11746054413695299,0.1313207830138098,0.09834010297959095,0.0017521689999062593,0.15079101181603338,0.08714477748744645,0.032323742176044765
0.0066205628624001235,0.03994120383535187,0.0002056379928398638,0.00714978769900381,0.04566602772402403,0.1975008470016441,0.03157843521302671,0.3817775168833695,8.810231159053319e-08,0.28955989268602844
0.04247784130879958,0.0016056092738699474,0.014046577605041358,0.0019076161298310036,0.5993077072394136,0.24888021745928463,0.040765883735029124,0.04243001635554083,0.008578453256104129,7.763708566066558e-08
0.03919534093381249,0.08330454815352172,0.0020314587245279015,0.5813782354419368,0.0739831573548487,0.019803199625441748,0.1361267810393003,0.0557237042709315,0.00013034837743375094,0.008323226078245
0.05285252302322112,0.007179960095646753,0.005666893797316001,0.2182553805808186,0.35031662135836306,0.0005915705699184134,0.20321236251323052,0.022430558323781637,0.13935129802052365,0.0001428317171802557
0.19564535149655604,0.0602819825784446,0.09402766801759206,0.0741784882149537,0.013368138850277116,0.00978418067091347,0.0075684425175160785,0.0331884824065443,0.022393292265377472,0.48956397298182514
0.19400065353979842,0.49115530529585405,0.0010078933052321561,0.0857229354857316,0.13205632901497055,0.0519768165012075,0.0014138174823378122,0.007448191367692543,0.007949643279751166,0.02726841472742406
0.014854206737135089,0.021325287522625448,0.47519556764224513,0.10228261500332583,0.10833831102734005,0.005202095797427384,0.21873506236445356,0.01754309169359107,0.006254650759682727,0.03026911145217381
0.0004237315446837696,0.2363045758234428,8.963393511708484e-05,0.11588260643576609,0.0707571737218677,0.2853883811721021,0.16823897608002558,0.011456831567087723,0.05922259162968399,0.05223549809022312
0.0010349000443326307,0.15612898377288803,0.17353025027336996,1.8966613164887677e-05,0.2921738883664662,0.062465566240068396,0.010234087766365012,0.03251704805017416,0.18515237363088713,0.08674393524228355
7.5033834792814656e-06,0.14358148892257455,0.0018506830914812719,0.041925361274150696,0.0522885106176051,0.12003371533896674,0.4357580039607746,0.0007922402486330442,0.1831597645749561,0.02060272858737882
0.06123207812064718,0.5356836098634031,0.0015764187637934766,0.067764697512179,0.09785371484312537,0.1167422049610536,0.0037814188064969638,0.0024373328156477633,0.05965498940290841,0.05327353491074524
0.10973434391346996,0.003740381012135265,0.04071871364961855,0.227728727839018,0.09204454882762778,0.012866805062525282,0.0031039913454210893,0.15934260718734394,0.3505242142602215,0.00019566690261852847
0.0016936791753052864,0.1477688689958072,0.028128203858546866,0.0840414428716755,0.03864684899994682,0.028297582561945745,0.15448074512624224,0.23563623400463476,0.24955561259016398,0.031750781815731606
0.044730072326261354,0.051197123752919516,0.16927752957960898,0.0388216170727743,0.005843246677529463,0.09631151614276383,0.31786571195569563,0.00740311175796384,0.0608493460887542,0.20770072464572903
0.08976649046716452,0.027604666112261658,0.0013004686826140273,0.1323702106588543,0.09328211096510083,0.011938482348681488,0.04281725179182917,0.03510804352654724,0.23218590771463893,0.33362636773230786
0.07083710077063672,0.08460608445895328,2.768382550777077e-05,0.027192832710776268,0.005024509443650111,0.13278014483804254,0.20508432704053425,0.10347029565154497,0.006870563051775349,0.3641064582085787
0.3968052094555183,0.05704614904666131,0.14883012274778912,0.008308532899082505,0.18141552425507082,0.003454582813583973,0.1400250633972107,0.03649009033457042,0.007942367500031142,0.01968235755048172
